107
695
279
726
659
1148
120
273
206
813
270
942
225
1057
721
470
1042
408
878
373
529
1170
769
998
442
269
164
1128
572
23
801
456
1174
981
525
759
1055
513
510
913
607
703
720
747
1141
278
507
187
108
287
575
1115
988
54
490
579
66
224
600
1196
90
1040
407
76
729
615
916
753
1106
1163
711
428
437
82
523
829
869
868
1108
979
735
1186
794
75
983
65
205
818
155
954
1122
249
1103
633
55
124
1030
539
831
256
484
675
689
863
362
355
487
416
605
664
749
758
1045
457
768
489
369
632
192
641
701
897
944
680
214
327
208
974
196
618
679
215
681
698
993
691
404
388
1177
705
604
331
1187
546
1043
505
636
293
386
284
706
939
824
254
874
60
141
1035
109
459
42
1038
1162
1149
952
1124
725
197
5
116
357
1159
953
298
609
9
1169
1178
1111
1053
1023
567
846
571
227
918
786
708
481
86
244
451
992
532
69
377
330
1146
233
103
343
62
290
282
890
1120
291
1200
1029
72
653
157
836
1161
994
598
624
351
142
179
894
251
338
436
773
174
144
434
602
626
765
1089
370
242
263
1026
621
364
964
674
22
1117
305
190
606
45
760
210
184
435
969
896
646
431
1119
1001
336
973
1114
486
297
657
77
930
1044
1175
839
514
319
260
586
152
1099
899
272
746
658
559
381
965
783
724
61
880
754
1002
303
610
406
547
1134
692
239
482
528
662
857
555
320
816
1039
637
649
162
424
243
194
770
1071
39
1194
612
365
429
955
1188
468
682
352
960
1076
446
413
1014
683
10
476
949
640
230
521
38
1097
1105
430
808
804
467
611
405
469
517
886
669
26
798
115
614
935
250
271
392
911
984
201
473
27
722
1003
947
924
752
171
1020
21
739
644
895
203
238
553
628
1158
70
879
639
1109
620
1078
166
699
304
1064
148
145
1142
1022
962
825
47
959
85
450
300
797
582
1
226
909
945
438
1025
534
217
32
806
789
445
631
1000
1031
642
344
577
494
862
92
478
390
165
399
311
168
34
842
745
671
353
672
332
688
314
929
1085
858
938
795
704
556
853
1153
787
634
101
350
538
762
294
140
1047
1024
849
702
354
1028
1166
439
78
366
817
941
1056
1137
530
452
448
421
850
1088
356
587
533
307
12
774
40
91
557
775
727
995
30
715
1061
1183
53
150
57
183
154
603
871
761
678
420
544
186
1165
997
601
131
543
1121
1067
732
1037
1095
502
492
326
1123
852
740
1077
1116
268
267
264
173
161
1065
491
200
427
1093
519
537
996
782
888
348
1156
980
11
751
595
1033
814
111
1021
402
779
677
29
1090
882
917
1084
25
394
1155
840
64
299
1081
387
372
444
667
63
1096
7
136
504
781
375
928
341
414
185
425
901
1133
832
50
785
903
3
673
1107
117
718
296
274
313
212
647
1091
915
1036
716
1145
1083
302
360
379
1034
149
110
418
1144
477
276
485
1058
93
1181
417
453
570
1147
565
460
623
371
982
617
1060
222
757
588
318
834
449
488
690
931
321
585
654
112
1160
666
409
349
957
128
220
650
635
1068
1087
245
1074
717
275
1005
737
146
35
1070
670
756
281
1167
835
1199
1143
828
104
501
1018
158
904
576
522
898
728
1049
1009
548
480
961
629
1113
329
876
1015
1073
583
1098
573
1131
694
315
940
1006
393
540
856
94
139
851
860
432
563
209
676
496
826
990
766
37
645
466
426
342
733
791
301
665
308
288
16
796
655
926
545
463
52
870
41
207
181
1019
986
989
2
1135
67
191
845
976
1125
978
182
700
234
506
741
977
277
384
170
569
648
312
1048
1050
524
359
261
1202
1069
1063
594
88
368
237
455
411
358
462
891
596
130
608
859
1051
755
295
398
921
966
663
163
122
211
465
1072
848
1150
987
800
395
777
616
129
873
1173
345
310
247
560
1190
714
934
475
6
1193
1102
143
391
412
1094
51
772
241
479
74
252
999
44
309
447
118
159
1059
991
1138
96
458
433
1130
8
1198
861
750
347
914
613
520
423
135
322
802
1110
809
240
441
262
31
975
100
1189
719
936
932
1013
1100
464
599
193
43
925
652
568
877
48
597
385
1132
454
907
736
707
866
581
590
79
1136
951
316
784
397
531
113
512
948
867
656
363
771
126
339
887
1129
68
114
19
660
257
99
823
946
443
619
483
213
1054
748
15
333
985
232
950
323
396
133
84
401
180
1004
550
558
1112
340
1140
793
13
875
188
1027
374
422
515
1046
927
1079
24
820
156
189
971
176
137
216
497
49
292
810
1197
71
334
696
803
1092
561
1154
687
564
713
253
743
541
195
566
89
830
778
844
400
